[array([[-0.12280354, -0.85447186,  0.11534892, -0.41045566,  0.50262511,
         1.23433056, -0.47105088, -1.08461988,  0.45492179],
       [ 0.34230073,  1.2942958 , -0.68525246, -1.53344064,  0.24082071,
        -0.1365212 ,  0.27490912,  0.16665187,  0.48126525],
       [-0.44815494, -0.40749417, -0.19476116,  0.66856819, -0.50544906,
         0.47162833,  0.17106378,  0.10044576, -0.48390633],
       [ 0.31295297,  0.79280678, -0.32373229,  0.99249923,  0.13991358,
        -0.29559994, -0.39821938, -1.59372918, -0.11348407],
       [-1.06042465,  0.31547815, -0.33203764, -0.45344559, -0.29636104,
         0.30729984, -0.11843782, -0.76137351,  0.31073234],
       [-0.97241196, -0.4156607 , -0.10934961, -0.38367   ,  0.50649826,
        -0.57123911, -0.02178906,  0.3746097 , -0.28004199],
       [-0.36716579,  0.31876804, -0.27600877,  0.35441261,  0.23056961,
         0.85902773, -0.83434039,  0.47627893, -0.23409786],
       [-0.00761034,  0.8301103 ,  0.18744935, -0.73920444, -0.98516865,
         1.13596385, -0.06371775,  0.32403353, -0.38690472],
       [ 0.11584642, -1.0815233 , -0.49760302,  0.29154502, -0.31975033,
        -0.79013024, -0.62938437,  0.25677572,  0.95226941],
       [ 0.36823245,  0.64594867, -0.87407409, -0.44077216,  0.17592644,
        -0.50449034, -0.60839382, -0.82915422,  1.42156376],
       [-0.02354368,  0.59589243,  0.22239526, -0.01507119,  0.11488621,
         0.89097114, -0.34613958, -0.00291779, -0.83082817],
       [ 0.55020668,  0.17382771, -0.83142497,  0.39813635,  0.01964567,
        -0.82673993, -0.41291466,  0.36442648,  0.56162295],
       [ 0.97678133, -1.56592564, -0.40461929,  0.0851607 ,  0.24938042,
        -0.53439497,  0.51327563,  0.10769641,  1.49497975],
       [-1.0411134 , -0.02462967, -0.38562178, -0.04747312,  0.04386692,
        -0.62731413, -0.03988431,  0.45695068,  0.10130006],
       [-0.50294528, -0.22255124, -0.95153495,  0.64013351,  0.41451433,
        -0.19352527,  1.38935686,  0.9738686 ,  0.51792988],
       [ 1.37495979,  1.2260299 , -0.35899111,  0.4392905 , -0.93134684,
        -0.08525076, -0.32623943, -1.46302162,  0.34642764]]), array([[-0.06251968,  0.50655522, -0.18713515, -0.52214946,  0.32940459,
        -0.84499419, -0.03698429, -0.22221383, -0.39667338,  0.19998458,
        -0.17653166,  0.17263987, -0.14745131,  0.31376794, -0.24624581,
        -0.08050867],
       [ 0.20044306, -0.65008436,  0.24622369,  0.02322972, -0.21960546,
        -0.10325262, -0.0074006 , -0.67184801, -0.51694846,  0.16381117,
         0.12981929, -0.29035252,  0.17182878, -0.84512584,  0.32003205,
        -0.95777607],
       [ 0.15219765,  0.29708439, -0.15434726,  0.19160155, -0.04059199,
         0.3935052 ,  0.02824472,  0.0273322 ,  0.10869229,  0.39595508,
        -0.02414483,  0.82468412,  0.24645168, -0.02980871,  0.39954747,
        -0.17513834],
       [ 0.18392649, -0.55948995,  0.24458443,  0.31809793,  0.01433302,
        -0.08753238, -0.47761783,  0.9622556 , -0.06716543, -0.472856  ,
         0.2497427 , -0.11710464,  0.18447048, -0.3433821 , -0.00586465,
        -0.41810684],
       [ 0.61778468, -0.22799593,  0.430981  ,  0.19310653,  0.39742685,
         0.32191668,  0.36023438,  0.36317199, -0.23057541,  0.62217431,
         0.48871177, -0.15745769,  0.6794548 ,  0.79439139, -0.12382971,
        -0.27354037]])]